0.9833		0.0189337
0.9017		0.0237579
0.8268		0.0298258
0.7582		0.0374769
0.6953		0.0471379
0.6376		0.0593868
0.5847		0.0749401
0.5361		0.0947398
0.4916		0.116965
0.4508		0.14746
0.4134		0.185837
0.3791		0.233843
0.3476		0.293728
0.3188		0.367785
0.2923		0.45869
0.2681		0.568631
0.2458		0.703519
0.2254		0.861247
0.2067		1.04499
0.1896		1.25501
0.1738		1.4918
0.1594		1.75047
0.1462		2.02633
0.134		2.31343
0.1229		2.59296
0.1127		2.86424
0.1034		3.1088
0.09478		3.32006
0.08691		3.48435
0.0797		3.59787
0.07308		3.66003
0.06702		3.67241
0.06146		3.64709
0.05636		3.60007
0.05168		3.53522
0.04739		3.46592
0.04346		3.40083
0.03985		3.34693
0.03654		3.30733
0.03351		3.28111
0.03073		3.21266
0.02818		3.22303
0.02584		3.22852
0.02369		3.23027
0.02173		3.22826
0.01992		3.22791
0.01827		3.22386
0.01675		3.22179
0.01536		3.21891
0.01409		3.22214
0.01292		3.22349
0.01185		3.22257
0.01086		3.22399
0.009962		3.2225
0.009135		3.22386
0.008377		3.2261
0.007682		3.17756
0.007044		3.1974
0.00646		3.20666
0.005924		3.20982
0.005432		3.20922
0.004981		3.20719
0.004568		3.20436
0.004189		3.19945
0.003841		3.19839
0.003522		3.20131
0.00323		3.20279
0.002962		3.20138
0.002716		3.20048
0.002491		3.19952
0.002284		3.19943
0.002094		3.20201
0.00192		3.15495
0.001761		3.17291
0.001615		3.1808
0.001481		3.18214
0.001358		3.18189
0.001245		3.17972
0.001142		3.17513
0.001047		3.17073
0.0009602		3.16757
0.0008806		3.16971
0.0008075		3.16966
0.0007405		3.16779
0.000679		3.16605
0.0006226		3.16455
0.000571		3.16287
0.0005236		3.16367
0.0004801		3.11914
0.0004403		3.13423
0.0004037		3.14095
0.0003702		3.14155
0.0003395		3.13844
0.0003113		3.13444
0.0002855		3.12872
0.0002618		3.12261
0.0002401		3.11745
0.0002201		3.11904
0.0002019		3.1154
0.0001851		3.11318
0.0001697		3.11093
0.0001557		3.10421
0.0001427		3.10354
0.0001309		3.10046
0.00012		3.05625
0.0001101		3.06721
0.0001009		3.07235
9.256e-05		3.06936
8.487e-05		3.06469
7.783e-05		3.05763
7.137e-05		3.0496
6.545e-05		3.04049
6.002e-05		3.03107
5.503e-05		3.0288
5.047e-05		3.02308
4.628e-05		3.01588
4.244e-05		3.00719
3.892e-05		2.9991
3.569e-05		2.99103
3.272e-05		2.98518
3.001e-05		2.93652
2.752e-05		2.94241
2.523e-05		2.93995
2.314e-05		2.93107
2.122e-05		2.91824
1.946e-05		2.90403
1.784e-05		2.88845
1.636e-05		2.87118
1.5e-05		2.85067
1.376e-05		2.83775
1.262e-05		2.82231
1.157e-05		2.80575
1.061e-05		2.78699
9.729e-06		2.76878
8.921e-06		2.75081
8.181e-06		2.73286
7.502e-06		2.67962
6.879e-06		2.67408
6.308e-06		2.66051
5.785e-06		2.64131
5.305e-06		2.61923
4.864e-06		2.5956
4.461e-06		2.56893
4.09e-06		2.54156
3.751e-06		2.508
3.44e-06		2.48328
3.154e-06		2.45482
2.892e-06		2.42393
2.652e-06		2.39065
2.432e-06		2.35506
2.23e-06		2.31928
2.045e-06		2.28203
1.875e-06		2.21333
1.72e-06		2.1843
1.577e-06		2.14791
1.446e-06		2.10529
1.326e-06		2.05826
1.216e-06		2.00781
1.115e-06		1.95448
1.023e-06		1.89712
9.377e-07		1.83188
8.599e-07		1.77637
7.885e-07		1.71655
7.231e-07		1.65261
6.631e-07		1.58724
6.081e-07		1.5199
5.576e-07		1.45131
5.113e-07		1.38177
4.689e-07		1.29239
4.3e-07		1.2307
3.943e-07		1.16326
3.615e-07		1.09385
3.315e-07		1.02262
3.04e-07		0.951151
2.788e-07		0.880022
2.557e-07		0.810031
2.344e-07		0.735175
2.15e-07		0.673605
1.971e-07		0.613394
1.808e-07		0.555033
1.658e-07		0.5
1.52e-07		0.448355
1.394e-07		0.400108
1.278e-07		0.35581
1.172e-07		0.310068
1.075e-07		0.275233
9.857e-08		0.242594
9.039e-08		0.212496
8.289e-08		0.185095
7.601e-08		0.160407
6.97e-08		0.138415
6.391e-08		0.118956
5.861e-08		0.0990445
5.374e-08		0.0858671
4.928e-08		0.074026
4.519e-08		0.0635926
4.144e-08		0.0545065
3.8e-08		0.0466447
3.485e-08		0.0398565
3.196e-08		0.0340269
2.93e-08		0.0287031
2.687e-08		0.0246557
2.464e-08		0.0211333
2.26e-08		0.0180918
2.072e-08		0.0154742
1.9e-08		0.0132237
1.742e-08		0.0113088
1.598e-08		0.00968554
1.465e-08		0.00790102
1.344e-08		0.00699777
1.232e-08		0.00618506
1.13e-08		0.0054646
1.036e-08		0.00483832
9.501e-09		0.00429218
8.712e-09		0.00382576
7.989e-09		0.00342815
7.326e-09		0.00307057
6.718e-09		0.00280255
6.16e-09		0.00257183
5.649e-09		0.00237299
5.18e-09		0.0022027
4.75e-09		0.00205684
4.356e-09		0.00193411
3.995e-09		0.00183104
3.663e-09		0.00169328
3.359e-09		0.00164707
3.08e-09		0.0016026
2.825e-09		0.00155982
2.59e-09		0.00152143
2.375e-09		0.00148716
2.178e-09		0.00145707
1.997e-09		0.00143127
1.832e-09		0.00140939
1.68e-09		0.0013939
1.54e-09		0.00138052
1.412e-09		0.00136863
1.295e-09		0.00135772
1.188e-09		0.00134848
1.089e-09		0.00134206
9.986e-10		0.00133712
9.158e-10		0.00130896
8.398e-10		0.0013146
7.701e-10		0.00131639
7.062e-10		0.00131514
6.475e-10		0.00131351
5.938e-10		0.00131105
5.445e-10		0.00130854
4.993e-10		0.00130583
4.579e-10		0.00130542
4.199e-10		0.00130567
3.85e-10		0.0013061
3.531e-10		0.0013053
3.238e-10		0.00130459
2.969e-10		0.00130448
2.723e-10		0.00130472
2.497e-10		0.00130587
2.289e-10		0.00128571
2.099e-10		0.00129431
1.925e-10		0.00129857
1.765e-10		0.00130042
1.619e-10		0.00130034
1.484e-10		0.00130054
1.361e-10		0.0012996
1.248e-10		0.00129848
1.145e-10		0.00129869
1.05e-10		0.0013
9.626e-11		0.00130116
8.827e-11		0.0013014
8.094e-11		0.00130158
7.422e-11		0.00130187
6.806e-11		0.00130289
6.242e-11		0.00130407
5.724e-11		0.00128363
5.248e-11		0.00129287
4.813e-11		0.00129753
4.413e-11		0.00129957
4.047e-11		0.00129985
3.711e-11		0.00129918
3.403e-11		0.00129878
3.121e-11		0.0012975
2.862e-11		0.00129839
2.624e-11		0.00130021
2.406e-11		0.00130112
2.207e-11		0.00130086
2.024e-11		0.00130089
1.856e-11		0.00130119
1.702e-11		0.00130214
1.56e-11		0.00130417
1.431e-11		0.00128389
1.312e-11		0.00129306
1.203e-11		0.00129759
1.103e-11		0.00129964
1.012e-11		0.00129941
9.278e-12		0.00129958
8.508e-12		0.00129878
7.802e-12		0.00129742
7.154e-12		0.00129857
6.561e-12		0.00130011
6.016e-12		0.0013007
5.517e-12		0.00130098
5.059e-12		0.00130115
4.639e-12		0.00130147
4.254e-12		0.00130266
3.901e-12		0.0013039
3.577e-12		0.00128404
3.28e-12		0.00129291
3.008e-12		0.00129737
2.758e-12		0.00129949
2.529e-12		0.00129992
2.32e-12		0.00129903
2.127e-12		0.00129866
1.95e-12		0.00129782
1.789e-12		0.00129821
1.64e-12		0.00130015
1.504e-12		0.00130086
1.379e-12		0.00130112
1.265e-12		0.00130079
1.16e-12		0.00130129
1.064e-12		0.00130169
9.752e-13		0.00130409
8.943e-13		0.00128397
8.201e-13		0.00129283
7.52e-13		0.00129754
6.896e-13		0.00129894
6.324e-13		0.00129941
5.799e-13		0.00129936
5.318e-13		0.00129842
4.876e-13		0.00129768
4.472e-13		0.00129864
4.1e-13		0.0013
3.76e-13		0.00130066
3.448e-13		0.00130104
3.162e-13		0.00130108
2.899e-13		0.00130174
2.659e-13		0.00130218
2.438e-13		0.00130404
2.236e-13		0.00128377
2.05e-13		0.00129293
1.88e-13		0.00129747
1.724e-13		0.0012993
1.581e-13		0.00129965
1.45e-13		0.00129914
1.329e-13		0.0012991
1.219e-13		0.00129758
1.118e-13		0.0012983
1.025e-13		0.00130024
9.4e-14		0.0013008
8.62e-14		0.00130104
7.905e-14		0.00130108
7.249e-14		0.00130156
6.647e-14		0.00130247
6.095e-14		0.00130394
5.589e-14		0.00128422
5.125e-14		0.00129317
4.7e-14		0.00129734
4.31e-14		0.0012993
3.952e-14		0.00129972
3.624e-14		0.00129912
3.323e-14		0.00129883
3.048e-14		0.00129741
2.795e-14		0.00129839
2.563e-14		0.00129994
2.35e-14		0.00130085
2.155e-14		0.00130104
1.976e-14		0.00130124
1.812e-14		0.0013016
1.662e-14		0.00130205
1.524e-14		0.00130381
1.397e-14		0.00128436
1.281e-14		0.00129313
1.175e-14		0.00129745
1.077e-14		0.00129991
9.881e-15		0.00129972
9.061e-15		0.00129925
8.309e-15		0.00129859
7.619e-15		0.00129741
6.987e-15		0.00129848
6.407e-15		0.00129975
5.875e-15		0.00130085
5.387e-15		0.00130082
4.94e-15		0.00130111
4.53e-15		0.00130132
4.154e-15		0.0013026
3.81e-15		0.00130354
3.493e-15		0.00128414
3.203e-15		0.00129293
2.938e-15		0.00129714
2.694e-15		0.00129909
2.47e-15		0.0012998
2.265e-15		0.00129945
2.077e-15		0.00129875
1.905e-15		0.00129738
