0.9833		0.179498
0.9017		0.191804
0.8268		0.201439
0.7582		0.207762
0.6953		0.210413
0.6376		0.208987
0.5847		0.203523
0.5361		0.19418
0.4916		0.181143
0.4508		0.165095
0.4134		0.14671
0.3791		0.127005
0.3476		0.10694
0.3188		0.0875392
0.2923		0.069817
0.2681		0.0545412
0.2458		0.0420972
0.2254		0.033252
0.2067		0.0275399
0.1896		0.024644
0.1738		0.0241413
0.1594		0.0254486
0.1462		0.0280404
0.134		0.0314757
0.1229		0.0351363
0.1127		0.0391792
0.1034		0.0430295
0.09478		0.0465816
0.08691		0.0496491
0.0797		0.0521361
0.07308		0.0540025
0.06702		0.0552447
0.06146		0.0559714
0.05636		0.0563432
0.05168		0.056429
0.04739		0.0563727
0.04346		0.0563162
0.03985		0.0563739
0.03654		0.0566024
0.03351		0.0570128
0.03073		0.0567768
0.02818		0.0577271
0.02584		0.0586107
0.02369		0.0594871
0.02173		0.0603313
0.01992		0.0612073
0.01827		0.0620826
0.01675		0.0629851
0.01536		0.0639811
0.01409		0.0650461
0.01292		0.0661765
0.01185		0.0672574
0.01086		0.0684392
0.009962		0.0695643
0.009135		0.0707718
0.008377		0.0720425
0.007682		0.072377
0.007044		0.0739637
0.00646		0.0754063
0.005924		0.0767767
0.005432		0.078125
0.004981		0.079477
0.004568		0.080845
0.004189		0.0822392
0.003841		0.0837672
0.003522		0.0854344
0.00323		0.087082
0.002962		0.0887492
0.002716		0.0904547
0.002491		0.0922019
0.002284		0.0940346
0.002094		0.0959408
0.00192		0.0967578
0.001761		0.099063
0.001615		0.101207
0.001481		0.103275
0.001358		0.105357
0.001245		0.10749
0.001142		0.109588
0.001047		0.111819
0.0009602		0.114169
0.0008806		0.11671
0.0008075		0.119319
0.0007405		0.121945
0.000679		0.124705
0.0006226		0.12749
0.000571		0.130342
0.0005236		0.133356
0.0004801		0.135076
0.0004403		0.138655
0.0004037		0.142061
0.0003702		0.145394
0.0003395		0.148763
0.0003113		0.152265
0.0002855		0.155797
0.0002618		0.159463
0.0002401		0.163317
0.0002201		0.167651
0.0002019		0.171929
0.0001851		0.176391
0.0001697		0.180996
0.0001557		0.185613
0.0001427		0.190627
0.0001309		0.195684
0.00012		0.199167
0.0001101		0.205064
0.0001009		0.211051
9.256e-05		0.216805
8.487e-05		0.222811
7.783e-05		0.228928
7.137e-05		0.235253
6.545e-05		0.241864
6.002e-05		0.248667
5.503e-05		0.256315
5.047e-05		0.264068
4.628e-05		0.272094
4.244e-05		0.280396
3.892e-05		0.288926
3.569e-05		0.297983
3.272e-05		0.307457
3.001e-05		0.314479
2.752e-05		0.3254
2.523e-05		0.336306
2.314e-05		0.347234
2.122e-05		0.35827
1.946e-05		0.369861
1.784e-05		0.382147
1.636e-05		0.394713
1.5e-05		0.407333
1.376e-05		0.421875
1.262e-05		0.43641
1.157e-05		0.451815
1.061e-05		0.468002
9.729e-06		0.484556
8.921e-06		0.50227
8.181e-06		0.520719
7.502e-06		0.536624
6.879e-06		0.558293
6.308e-06		0.580176
5.785e-06		0.602679
5.305e-06		0.626155
4.864e-06		0.650905
4.461e-06		0.676698
4.09e-06		0.703973
3.751e-06		0.730472
3.44e-06		0.76141
3.154e-06		0.793437
2.892e-06		0.826677
2.652e-06		0.861331
2.432e-06		0.897718
2.23e-06		0.936099
2.045e-06		0.976406
1.875e-06		1.0144
1.72e-06		1.06148
1.577e-06		1.10986
1.446e-06		1.15975
1.326e-06		1.21154
1.216e-06		1.26562
1.115e-06		1.32197
1.023e-06		1.38025
9.377e-07		1.43383
8.599e-07		1.49872
7.885e-07		1.56373
7.231e-07		1.62979
6.631e-07		1.69771
6.081e-07		1.76698
5.576e-07		1.83824
5.113e-07		1.91082
4.689e-07		1.98177
4.3e-07		2.06221
3.943e-07		2.14177
3.615e-07		2.22061
3.315e-07		2.29864
3.04e-07		2.37582
2.788e-07		2.44978
2.557e-07		2.52346
2.344e-07		2.57573
2.15e-07		2.64767
1.971e-07		2.71436
1.808e-07		2.7753
1.658e-07		2.83203
1.52e-07		2.88602
1.394e-07		2.93526
1.278e-07		2.98161
1.172e-07		3.02517
1.075e-07		3.0693
9.857e-08		3.10896
9.039e-08		3.1436
8.289e-08		3.17409
7.601e-08		3.20122
6.97e-08		3.22525
6.391e-08		3.24754
5.861e-08		3.22854
5.374e-08		3.25689
4.928e-08		3.27618
4.519e-08		3.29
4.144e-08		3.29995
3.8e-08		3.30789
3.485e-08		3.31349
3.196e-08		3.31665
2.93e-08		3.32679
2.687e-08		3.3355
2.464e-08		3.34111
2.26e-08		3.34624
2.072e-08		3.35063
1.9e-08		3.35263
1.742e-08		3.35677
1.598e-08		3.36108
1.465e-08		3.30853
1.344e-08		3.33129
1.232e-08		3.34517
1.13e-08		3.35044
1.036e-08		3.35328
9.501e-09		3.35307
8.712e-09		3.35199
7.989e-09		3.34992
7.326e-09		3.35278
6.718e-09		3.3574
6.16e-09		3.35998
5.649e-09		3.36121
5.18e-09		3.36197
4.75e-09		3.36316
4.356e-09		3.36547
3.995e-09		3.36859
3.663e-09		3.31491
3.359e-09		3.33879
3.08e-09		3.35065
2.825e-09		3.35487
2.59e-09		3.35714
2.375e-09		3.35684
2.178e-09		3.35514
1.997e-09		3.35253
1.832e-09		3.35426
1.68e-09		3.35714
1.54e-09		3.36071
1.412e-09		3.36314
1.295e-09		3.36255
1.188e-09		3.36216
1.089e-09		3.36547
9.986e-10		3.36972
9.158e-10		3.31705
8.398e-10		3.33978
7.701e-10		3.35151
7.062e-10		3.35634
6.475e-10		3.35753
5.938e-10		3.35677
5.445e-10		3.35491
4.993e-10		3.35219
4.579e-10		3.35444
4.199e-10		3.35913
3.85e-10		3.36169
3.531e-10		3.36165
3.238e-10		3.36242
2.969e-10		3.36309
2.723e-10		3.36485
2.497e-10		3.36904
2.289e-10		3.31804
2.099e-10		3.34088
1.925e-10		3.35195
1.765e-10		3.35836
1.619e-10		3.3567
1.484e-10		3.35714
1.361e-10		3.3558
1.248e-10		3.35296
1.145e-10		3.35371
1.05e-10		3.3581
9.626e-11		3.36095
8.827e-11		3.36156
8.094e-11		3.36237
7.422e-11		3.36365
6.806e-11		3.36578
6.242e-11		3.36951
5.724e-11		3.31717
5.248e-11		3.3408
4.813e-11		3.35186
4.413e-11		3.35713
4.047e-11		3.35743
3.711e-11		3.35691
3.403e-11		3.35513
3.121e-11		3.35149
2.862e-11		3.3543
2.624e-11		3.35938
2.406e-11		3.36139
2.207e-11		3.3609
2.024e-11		3.36092
1.856e-11		3.36207
1.702e-11		3.36428
1.56e-11		3.36971
1.431e-11		3.31674
1.312e-11		3.3407
1.203e-11		3.35245
1.103e-11		3.35789
1.012e-11		3.35672
9.278e-12		3.3566
8.508e-12		3.35478
7.802e-12		3.35203
7.154e-12		3.35477
6.561e-12		3.35848
6.016e-12		3.36104
5.517e-12		3.36188
5.059e-12		3.36232
4.639e-12		3.36333
4.254e-12		3.36566
3.901e-12		3.36965
3.577e-12		3.31772
3.28e-12		3.3407
3.008e-12		3.35189
2.758e-12		3.35751
2.529e-12		3.35904
2.32e-12		3.3556
2.127e-12		3.35449
1.95e-12		3.35256
1.789e-12		3.35383
1.64e-12		3.35976
1.504e-12		3.36054
1.379e-12		3.36294
1.265e-12		3.36146
1.16e-12		3.3625
1.064e-12		3.36396
9.752e-13		3.36957
8.943e-13		3.31768
8.201e-13		3.34014
7.52e-13		3.35173
6.896e-13		3.35666
6.324e-13		3.35745
5.799e-13		3.35661
5.318e-13		3.35464
4.876e-13		3.35265
4.472e-13		3.35476
4.1e-13		3.35915
3.76e-13		3.36104
3.448e-13		3.36209
3.162e-13		3.3618
2.899e-13		3.36323
2.659e-13		3.36499
2.438e-13		3.36957
2.236e-13		3.31731
2.05e-13		3.34146
1.88e-13		3.35239
1.724e-13		3.35557
1.581e-13		3.35769
1.45e-13		3.35655
1.329e-13		3.35515
1.219e-13		3.35213
1.118e-13		3.35443
1.025e-13		3.35927
9.4e-14		3.36117
8.62e-14		3.36195
7.905e-14		3.36211
7.249e-14		3.36322
6.647e-14		3.36543
6.095e-14		3.36957
5.589e-14		3.31768
5.125e-14		3.34049
4.7e-14		3.3516
4.31e-14		3.35673
3.952e-14		3.35779
3.624e-14		3.35679
3.323e-14		3.3554
3.048e-14		3.35138
2.795e-14		3.3542
2.563e-14		3.35934
2.35e-14		3.3617
2.155e-14		3.36195
1.976e-14		3.36285
1.812e-14		3.36369
1.662e-14		3.36552
1.524e-14		3.36942
1.397e-14		3.31818
1.281e-14		3.34133
1.175e-14		3.35191
1.077e-14		3.35817
9.881e-15		3.3572
9.061e-15		3.35669
8.309e-15		3.3548
7.619e-15		3.35182
6.987e-15		3.3548
6.407e-15		3.35883
5.875e-15		3.36128
5.387e-15		3.36226
4.94e-15		3.36235
4.53e-15		3.36313
4.154e-15		3.36603
3.81e-15		3.36877
3.493e-15		3.31806
3.203e-15		3.3414
2.938e-15		3.35092
2.694e-15		3.35653
2.47e-15		3.3583
2.265e-15		3.35651
2.077e-15		3.3546
1.905e-15		3.35171
